ts heap stack kmem
250503688 1622 384 253952
250504595 2422 384 253952
250506356 2422 352 253952
250510295 2422 352 258048
250511273 1050998 352 258048
250511612 1050998 320 258048
250567796 1050998 320 262144
250568861 1050998 320 266240
250569409 2099574 320 266240
250569710 2099574 320 266240
250623104 2099574 320 270336
250623700 3148150 320 270336
250623941 3148150 320 270336
250676882 3148150 320 274432
250677511 3148150 320 278528
250678039 4196726 320 278528
250678290 4196726 320 278528
250731195 4196726 320 282624
250731754 5245302 320 282624
250732004 5245302 320 282624
250740372 5245302 320 282624
250784811 5245302 320 286720
250785341 5245302 320 290816
250785854 6293878 320 290816
250786107 6293878 320 290816
250839006 6293878 320 294912
250839533 7342454 320 294912
250839783 7342454 320 294912
250893279 7342454 320 299008
250894028 7342454 320 303104
250894539 8391030 320 303104
250894805 8391030 320 303104
250947773 8391030 320 307200
250948339 8391030 320 311296
250948850 9439606 320 311296
250949115 9439606 320 311296
251002050 9439606 320 315392
251002594 10488182 320 315392
251002848 10488182 320 315392
251055535 10488182 320 319488
251056099 10488182 320 323584
251056627 11536758 320 323584
251056879 11536758 320 323584
251110216 11536758 320 327680
251110771 12585334 320 327680
251111023 12585334 320 327680
251165373 12585334 320 331776
251165955 12585334 320 335872
251167101 13633910 320 335872
251167353 13633910 320 335872
251228269 13633910 320 339968
251228821 14682486 320 339968
251229108 14682486 320 339968
251281880 14682486 320 344064
251282422 14682486 320 348160
251282970 15731062 320 348160
251283219 15731062 320 348160
251336026 15731062 320 352256
251336561 16779638 320 352256
251336818 16779638 320 352256
251389433 16779638 320 356352
251390018 16779638 320 360448
251390507 17828214 320 360448
251390765 17828214 320 360448
251443517 17828214 320 364544
251444024 18876790 320 364544
251444266 18876790 320 364544
251496930 18876790 320 368640
251497484 18876790 320 372736
251497980 19925366 320 372736
251498218 19925366 320 372736
251539335 19925366 320 372736
251545157 19925366 320 376832
251551169 19925366 320 380928
251551699 20973942 320 380928
251551938 20973942 320 380928
251552046 20973942 320 385024
251555828 20973942 320 385024
251563533 20973942 320 385024
251569108 20973942 320 385024
251576436 20973942 320 385024
251583315 20973942 320 385024
251590498 20973942 320 385024
251594772 20973942 320 385024
251601853 20973942 320 385024
251604761 20973942 320 389120
251605356 20973942 320 393216
251605863 22022518 320 393216
251606117 22022518 320 393216
251606363 22022518 320 393216
251610672 22022518 320 393216
251615290 22022518 320 393216
251616401 22022518 320 393216
251658844 22022518 320 397312
251659365 23071094 320 397312
251659610 23071094 320 397312
251712270 23071094 320 401408
251712797 23071094 320 405504
251713344 24119670 320 405504
251713593 24119670 320 405504
251766385 24119670 320 409600
251766929 25168246 320 409600
251767170 25168246 320 409600
251819824 25168246 320 413696
251820396 25168246 320 417792
251820897 26216822 320 417792
251821141 26216822 320 417792
251873924 26216822 320 421888
251874466 27265398 320 421888
251874709 27265398 320 421888
251927317 27265398 320 425984
251927915 27265398 320 430080
251928996 28313974 320 430080
251929243 28313974 320 430080
251982358 28313974 320 434176
251982873 29362550 320 434176
251983122 29362550 320 434176
252035825 29362550 320 438272
252036317 29362550 320 442368
252036828 30411126 320 442368
252037075 30411126 320 442368
252089864 30411126 320 446464
252090457 31459702 320 446464
252090717 31459702 320 446464
252143337 31459702 320 450560
252143902 31459702 320 454656
252144404 32508278 320 454656
252144655 32508278 320 454656
252207061 32508278 320 458752
252207601 33556854 320 458752
252207869 33556854 320 458752
252260483 33556854 320 462848
252261043 33556854 320 466944
252261527 34605430 320 466944
252261787 34605430 320 466944
252314579 34605430 320 471040
252315102 35654006 320 471040
252315352 35654006 320 471040
252368230 35654006 320 475136
252368821 35654006 320 479232
252369325 36702582 320 479232
252369569 36702582 320 479232
252422363 36702582 320 483328
252422903 37751158 320 483328
252423147 37751158 320 483328
252475790 37751158 320 487424
252476345 37751158 320 491520
252476844 38799734 320 491520
252477148 38799734 320 491520
252529938 38799734 320 495616
252530509 39848310 320 495616
252530782 39848310 320 495616
252583374 39848310 320 499712
252583877 39848310 320 503808
252584383 40896886 320 503808
252584630 40896886 320 503808
252637367 40896886 320 507904
252637897 41945462 320 507904
252638150 41945462 320 507904
252690777 41945462 320 512000
252691357 41945462 320 516096
252692319 42994038 320 516096
252692576 42994038 320 516096
252745322 42994038 320 520192
252745868 44042614 320 520192
252746150 44042614 320 520192
252798784 44042614 320 524288
252799362 44042614 320 528384
252799858 45091190 320 528384
252800111 45091190 320 528384
252852992 45091190 320 532480
252853520 46139766 320 532480
252853769 46139766 320 532480
252906387 46139766 320 536576
252906907 46139766 320 540672
252907407 47188342 320 540672
252907652 47188342 320 540672
252960458 47188342 320 544768
252960980 48236918 320 544768
252961260 48236918 320 544768
253013875 48236918 320 548864
253014447 48236918 320 552960
253015032 49285494 320 552960
253015280 49285494 320 552960
253067876 49285494 320 557056
253068382 49285494 320 561152
253068882 50334070 320 561152
253069131 50334070 320 561152
253121824 50334070 320 565248
253122345 51382646 320 565248
253122600 51382646 320 565248
253175165 51382646 320 569344
253175684 51382646 320 573440
253176187 52431222 320 573440
253176435 52431222 320 573440
253229301 52431222 320 577536
253229826 53479798 320 577536
253230070 53479798 320 577536
253282754 53479798 320 581632
253283248 53479798 320 585728
253283765 54528374 320 585728
253284008 54528374 320 585728
253336809 54528374 320 589824
253337335 55576950 320 589824
253337583 55576950 320 589824
253390189 55576950 320 593920
253390716 55576950 320 598016
253391224 56625526 320 598016
253391501 56625526 320 598016
253444212 56625526 320 602112
253445220 57674102 320 602112
253445480 57674102 320 602112
253498089 57674102 320 606208
253498681 57674102 320 610304
253499191 58722678 320 610304
253499434 58722678 320 610304
253552159 58722678 320 614400
253552687 59771254 320 614400
253552941 59771254 320 614400
253605551 59771254 320 618496
253606102 59771254 320 622592
253606612 60819830 320 622592
253606863 60819830 320 622592
253659643 60819830 320 626688
253660174 61868406 320 626688
253660419 61868406 320 626688
253713063 61868406 320 630784
253713639 61868406 320 634880
253714153 62916982 320 634880
253714399 62916982 320 634880
253767131 62916982 320 638976
253767666 63965558 320 638976
253767912 63965558 320 638976
253820513 63965558 320 643072
253821194 63965558 320 647168
253821709 65014134 320 647168
253821991 65014134 320 647168
253874674 65014134 320 651264
253875198 66062710 320 651264
253875448 66062710 320 651264
253928125 66062710 320 655360
253928715 66062710 320 659456
253929221 67111286 320 659456
253929484 67111286 320 659456
253982267 67111286 320 663552
253982781 68159862 320 663552
253983039 68159862 320 663552
254035700 68159862 320 667648
254036192 68159862 320 671744
254036701 69208438 320 671744
254036954 69208438 320 671744
254089728 69208438 320 675840
254090282 70257014 320 675840
254090531 70257014 320 675840
254143182 70257014 320 679936
254143702 70257014 320 684032
254144212 71305590 320 684032
254144462 71305590 320 684032
254197316 71305590 320 688128
254198328 72354166 320 688128
254198581 72354166 320 688128
254251227 72354166 320 692224
254251721 72354166 320 696320
254252213 73402742 320 696320
254252501 73402742 320 696320
254305322 73402742 320 700416
254305842 74451318 320 700416
254306093 74451318 320 700416
254358797 74451318 320 704512
254359374 74451318 320 708608
254359893 75499894 320 708608
254360144 75499894 320 708608
254412820 75499894 320 712704
254414513 76548470 320 712704
254424730 76548470 320 716800
254428668 76548470 320 716800
254481874 76548470 320 720896
254482395 76548470 320 724992
254482988 77597046 320 724992
254483292 77597046 320 724992
254537981 77597046 320 729088
254538638 78645622 320 729088
254538897 78645622 320 729088
254591757 78645622 320 733184
254592311 78645622 320 737280
254592822 79694198 320 737280
254593070 79694198 320 737280
254645836 79694198 320 741376
254646381 80742774 320 741376
254646624 80742774 320 741376
254699247 80742774 320 745472
254699777 80742774 320 749568
254700270 81791350 320 749568
254700518 81791350 320 749568
254753236 81791350 320 753664
254753787 82839926 320 753664
254754035 82839926 320 753664
254806720 82839926 320 757760
254807162 82839926 320 761856
254807672 83888502 320 761856
254807921 83888502 320 761856
254860556 83888502 320 765952
254861197 84937078 320 765952
254861442 84937078 320 765952
254914029 84937078 320 770048
254914524 84937078 320 774144
254915041 85985654 320 774144
254915292 85985654 320 774144
254967931 85985654 320 778240
254969015 87034230 320 778240
254969262 87034230 320 778240
255021858 87034230 320 782336
255022378 87034230 320 786432
255022890 88082806 320 786432
255023155 88082806 320 786432
255075963 88082806 320 790528
255076507 89131382 320 790528
255076751 89131382 320 790528
255129397 89131382 320 794624
255129813 89131382 320 798720
255130317 90179958 320 798720
255130561 90179958 320 798720
255183319 90179958 320 802816
255183857 91228534 320 802816
255184100 91228534 320 802816
255236762 91228534 320 806912
255237234 91228534 320 811008
255237742 92277110 320 811008
255237985 92277110 320 811008
255290629 92277110 320 815104
255291151 93325686 320 815104
255291388 93325686 320 815104
255343961 93325686 320 819200
255344416 93325686 320 823296
255344901 94374262 320 823296
255345172 94374262 320 823296
255397884 94374262 320 827392
255398412 95422838 320 827392
255398672 95422838 320 827392
255451365 95422838 320 831488
255451852 95422838 320 835584
255452354 96471414 320 835584
255452613 96471414 320 835584
255505186 96471414 320 839680
255505769 97519990 320 839680
255506010 97519990 320 839680
255558680 97519990 320 843776
255559157 97519990 320 847872
255559663 98568566 320 847872
255559931 98568566 320 847872
255612605 98568566 320 851968
255613288 99617142 320 851968
255613540 99617142 320 851968
255666217 99617142 320 856064
255666708 99617142 320 860160
255667205 100665718 320 860160
255667445 100665718 320 860160
255720168 100665718 320 864256
255721181 101714294 320 864256
255721424 101714294 320 864256
255774058 101714294 320 868352
255774804 101714294 320 872448
255775342 102762870 320 872448
255775587 102762870 320 872448
255828197 102762870 320 876544
255828718 103811446 320 876544
255828962 103811446 320 876544
255881582 103811446 320 880640
255882051 103811446 320 884736
255882554 104860022 320 884736
255882798 104860022 320 884736
255935325 103811446 320 884736
255938707 103811446 320 880640
255939365 103811446 320 880640
255991245 102762870 320 880640
255993250 102762870 320 876544
255993719 102762870 320 876544
256045536 101714294 320 876544
256046988 101714294 320 872448
256047398 101714294 320 872448
256099239 100665718 320 872448
256100863 100665718 320 868352
256101093 100665718 320 864256
256101759 100665718 320 864256
256153767 99617142 320 864256
256155015 99617142 320 860160
256155461 99617142 320 860160
256207457 98568566 320 860160
256208846 98568566 320 856064
256209120 98568566 320 851968
256209731 98568566 320 851968
256261616 97519990 320 851968
256262760 97519990 320 847872
256262953 97519990 320 843776
256263574 97519990 320 843776
256315439 96471414 320 843776
256316819 96471414 320 839680
256317179 96471414 320 839680
256369006 95422838 320 839680
256370322 95422838 320 835584
256370645 95422838 320 835584
256422572 94374262 320 835584
256423761 94374262 320 831488
256424083 94374262 320 831488
256475905 93325686 320 831488
256477061 93325686 320 827392
256477258 93325686 320 823296
256477805 93325686 320 823296
256529704 92277110 320 823296
256530964 92277110 320 819200
256531326 92277110 320 819200
256583128 91228534 320 819200
256584342 91228534 320 815104
256584565 91228534 320 811008
256585128 91228534 320 811008
256637055 90179958 320 811008
256638151 90179958 320 806912
256638492 90179958 320 806912
256690299 89131382 320 806912
256691463 89131382 320 802816
256691657 89131382 320 798720
256692193 89131382 320 798720
256744059 88082806 320 798720
256745258 88082806 320 794624
256745583 88082806 320 794624
256797387 87034230 320 794624
256798533 87034230 320 790528
256798734 87034230 320 786432
256799307 87034230 320 786432
256851190 85985654 320 786432
256852276 85985654 320 782336
256852593 85985654 320 782336
256904391 84937078 320 782336
256905626 84937078 320 778240
256905822 84937078 320 774144
256906341 84937078 320 774144
256958235 83888502 320 774144
256959447 83888502 320 770048
256959823 83888502 320 770048
257011618 82839926 320 770048
257012702 82839926 320 765952
257012899 82839926 320 761856
257013537 82839926 320 761856
257065414 81791350 320 761856
257066600 81791350 320 757760
257066921 81791350 320 757760
257118710 80742774 320 757760
257119919 80742774 320 753664
257120117 80742774 320 749568
257120657 80742774 320 749568
257172522 79694198 320 749568
257173712 79694198 320 745472
257174044 79694198 320 745472
257225967 78645622 320 745472
257227179 78645622 320 741376
257227380 78645622 320 737280
257227897 78645622 320 737280
257279775 77597046 320 737280
257280989 77597046 320 733184
257281306 77597046 320 733184
257333087 76548470 320 733184
257334212 76548470 320 729088
257334412 76548470 320 724992
257334966 76548470 320 724992
257386880 75499894 320 724992
257388113 75499894 320 720896
257388455 75499894 320 720896
257440280 74451318 320 720896
257441396 74451318 320 716800
257441593 74451318 320 712704
257442113 74451318 320 712704
257494074 73402742 320 712704
257495276 73402742 320 708608
257495612 73402742 320 708608
257547446 72354166 320 708608
257548603 72354166 320 704512
257548798 72354166 320 700416
257549363 72354166 320 700416
257601243 71305590 320 700416
257602442 71305590 320 696320
257602767 71305590 320 696320
257654609 70257014 320 696320
257655717 70257014 320 692224
257655910 70257014 320 688128
257656436 70257014 320 688128
257708321 69208438 320 688128
257709396 69208438 320 684032
257709745 69208438 320 684032
257761560 68159862 320 684032
257762663 68159862 320 679936
257762854 68159862 320 675840
257763380 68159862 320 675840
257815264 67111286 320 675840
257816396 67111286 320 671744
257816741 67111286 320 671744
257868545 66062710 320 671744
257869763 66062710 320 667648
257869956 66062710 320 663552
257870506 66062710 320 663552
257922403 65014134 320 663552
257923620 65014134 320 659456
257923961 65014134 320 659456
257975778 63965558 320 659456
257976863 63965558 320 655360
257977059 63965558 320 651264
257977595 63965558 320 651264
258029469 62916982 320 651264
258030491 62916982 320 647168
258030822 62916982 320 647168
258082683 61868406 320 647168
258083778 61868406 320 643072
258083978 61868406 320 638976
258084534 61868406 320 638976
258136433 60819830 320 638976
258137635 60819830 320 634880
258137951 60819830 320 634880
258212716 59771254 320 634880
258214145 59771254 320 638976
258217069 59771254 320 643072
258227976 59771254 320 638976
258228285 59771254 320 634880
258229541 59771254 320 634880
258282052 58722678 320 634880
258283546 58722678 320 630784
258283901 58722678 320 630784
258335673 57674102 320 630784
258336809 57674102 320 626688
258337044 57674102 320 622592
258337582 57674102 320 622592
258389384 56625526 320 622592
258390483 56625526 320 618496
258390842 56625526 320 618496
258442590 55576950 320 618496
258443764 55576950 320 614400
258443976 55576950 320 610304
258444502 55576950 320 610304
258496292 54528374 320 610304
258497670 54528374 320 606208
258497883 54528374 320 602112
258498191 54528374 320 602112
258549940 53479798 320 602112
258551068 53479798 320 598016
258551413 53479798 320 598016
258603152 52431222 320 598016
258604590 52431222 320 593920
258604807 52431222 320 589824
258605149 52431222 320 589824
258656892 51382646 320 589824
258658105 51382646 320 585728
258658452 51382646 320 585728
258710206 50334070 320 585728
258711690 50334070 320 581632
258711902 50334070 320 577536
258712232 50334070 320 577536
258763985 49285494 320 577536
258765086 49285494 320 573440
258765444 49285494 320 573440
258817212 48236918 320 573440
258818801 48236918 320 569344
258819012 48236918 320 565248
258819329 48236918 320 565248
258871127 47188342 320 565248
258872235 47188342 320 561152
258872601 47188342 320 561152
258924439 46139766 320 561152
258926233 46139766 320 557056
258926444 46139766 320 552960
258926777 46139766 320 552960
258978580 45091190 320 552960
258979738 45091190 320 548864
258980086 45091190 320 548864
259031814 44042614 320 548864
259033811 44042614 320 544768
259034034 44042614 320 540672
259034382 44042614 320 540672
259086120 42994038 320 540672
259087224 42994038 320 536576
259087563 42994038 320 536576
259139303 41945462 320 536576
259141310 41945462 320 532480
259141526 41945462 320 528384
259141856 41945462 320 528384
259193840 40896886 320 528384
259194930 40896886 320 524288
259195278 40896886 320 524288
259247132 39848310 320 524288
259249183 39848310 320 520192
259249397 39848310 320 516096
259249751 39848310 320 516096
259301510 38799734 320 516096
259302598 38799734 320 512000
259302960 38799734 320 512000
259354746 37751158 320 512000
259356932 37751158 320 507904
259357152 37751158 320 503808
259357499 37751158 320 503808
259409245 36702582 320 503808
259410320 36702582 320 499712
259410665 36702582 320 499712
259462421 35654006 320 499712
259464696 35654006 320 495616
259464905 35654006 320 491520
259465306 35654006 320 491520
259517071 34605430 320 491520
259518372 34605430 320 487424
259518832 34605430 320 487424
259570611 33556854 320 487424
259572969 33556854 320 483328
259573175 33556854 320 479232
259573520 33556854 320 479232
259625317 32508278 320 479232
259626399 32508278 320 475136
259626728 32508278 320 475136
259678523 31459702 320 475136
259681064 31459702 320 471040
259681270 31459702 320 466944
259681624 31459702 320 466944
259733353 30411126 320 466944
259734435 30411126 320 462848
259734766 30411126 320 462848
259786515 29362550 320 462848
259789114 29362550 320 458752
259789320 29362550 320 454656
259789663 29362550 320 454656
259841390 28313974 320 454656
259842433 28313974 320 450560
259842764 28313974 320 450560
259894547 27265398 320 450560
259897250 27265398 320 446464
259897471 27265398 320 442368
259897884 27265398 320 442368
259958824 26216822 320 442368
259959942 26216822 320 438272
259960284 26216822 320 438272
260012007 25168246 320 438272
260014864 25168246 320 434176
260015071 25168246 320 430080
260015416 25168246 320 430080
260067181 24119670 320 430080
260068270 24119670 320 425984
260068617 24119670 320 425984
260120372 23071094 320 425984
260123380 23071094 320 421888
260123596 23071094 320 417792
260123946 23071094 320 417792
260175719 22022518 320 417792
260176764 22022518 320 413696
260177119 22022518 320 413696
260179626 20973942 320 413696
260180886 20973942 320 409600
260181097 20973942 320 405504
260181720 20973942 320 405504
260233535 19925366 320 405504
260234653 19925366 320 401408
260235013 19925366 320 401408
260286764 18876790 320 401408
260287935 18876790 320 397312
260288148 18876790 320 393216
260288690 18876790 320 393216
260340409 17828214 320 393216
260341520 17828214 320 389120
260341855 17828214 320 389120
260393515 16779638 320 389120
260394667 16779638 320 385024
260394880 16779638 320 380928
260395384 16779638 320 380928
260447084 15731062 320 380928
260448175 15731062 320 376832
260448506 15731062 320 376832
260500211 14682486 320 376832
260501296 14682486 320 372736
260501511 14682486 320 368640
260502024 14682486 320 368640
260555007 13633910 320 368640
260556108 13633910 320 364544
260556442 13633910 320 364544
260608305 12585334 320 364544
260609575 12585334 320 360448
260609784 12585334 320 356352
260610321 12585334 320 356352
260662155 11536758 320 356352
260663266 11536758 320 352256
260663607 11536758 320 352256
260715408 10488182 320 352256
260716575 10488182 320 348160
260716798 10488182 320 344064
260717333 10488182 320 344064
260769236 9439606 320 344064
260770354 9439606 320 339968
260770724 9439606 320 339968
260822492 8391030 320 339968
260823688 8391030 320 335872
260823893 8391030 320 331776
260824409 8391030 320 331776
260876511 7342454 320 331776
260877615 7342454 320 327680
260877960 7342454 320 327680
260929758 6293878 320 327680
260930925 6293878 320 323584
260931140 6293878 320 319488
260931719 6293878 320 319488
260983540 5245302 320 319488
260984707 5245302 320 315392
260985060 5245302 320 315392
261036818 4196726 320 315392
261038033 4196726 320 311296
261038245 4196726 320 307200
261038759 4196726 320 307200
261090573 3148150 320 307200
261091630 3148150 320 303104
261091970 3148150 320 303104
261143734 2099574 320 303104
261144825 2099574 320 299008
261145040 2099574 320 294912
261145583 2099574 320 294912
261197920 1050998 320 294912
261199103 1050998 320 290816
261199470 1050998 320 290816
261251274 2422 320 290816
261252951 2422 320 286720
261253170 2422 320 282624
261253352 2422 320 278528
261253933 2422 320 278528
261305821 2422 352 278528
261308255 2422 352 282624
261309135 1050998 352 282624
261309446 1050998 320 282624
261362346 1050998 320 286720
261363108 1050998 320 290816
261363610 2099574 320 290816
261363902 2099574 320 290816
261416616 2099574 320 294912
261417145 3148150 320 294912
261417411 3148150 320 294912
261470014 3148150 320 299008
261470401 3148150 320 303104
261470863 4196726 320 303104
261471125 4196726 320 303104
261523633 4196726 320 307200
261524132 5245302 320 307200
261524385 5245302 320 307200
261576834 5245302 320 311296
261577229 5245302 320 315392
261577686 6293878 320 315392
261577943 6293878 320 315392
261630416 6293878 320 319488
261630915 7342454 320 319488
261631169 7342454 320 319488
261684097 7342454 320 323584
261684599 8391030 320 323584
261684853 8391030 320 323584
261737507 8391030 320 327680
261737902 8391030 320 331776
261738372 9439606 320 331776
261738628 9439606 320 331776
261791252 9439606 320 335872
261791752 10488182 320 335872
261792010 10488182 320 335872
261844513 10488182 320 339968
261844931 10488182 320 344064
261845382 11536758 320 344064
261845629 11536758 320 344064
261898161 11536758 320 348160
261898651 12585334 320 348160
261898901 12585334 320 348160
261951338 12585334 320 352256
261951742 12585334 320 356352
261952205 13633910 320 356352
261952455 13633910 320 356352
262004940 13633910 320 360448
262006002 14682486 320 360448
262006250 14682486 320 360448
262058734 14682486 320 364544
262059127 14682486 320 368640
262059600 15731062 320 368640
262059845 15731062 320 368640
262112352 15731062 320 372736
262112856 16779638 320 372736
262113108 16779638 320 372736
262165544 16779638 320 376832
262165977 16779638 320 380928
262166450 17828214 320 380928
262166723 17828214 320 380928
262219398 17828214 320 385024
262219890 18876790 320 385024
262220144 18876790 320 385024
262272594 18876790 320 389120
262272995 18876790 320 393216
262273474 19925366 320 393216
262273733 19925366 320 393216
262326488 19925366 320 397312
262327781 20973942 320 397312
262328032 20973942 320 397312
262380515 20973942 320 401408
262380930 20973942 320 405504
262381383 22022518 320 405504
262381633 22022518 320 405504
262434203 22022518 320 409600
262434704 23071094 320 409600
262434954 23071094 320 409600
262487354 23071094 320 413696
262487756 23071094 320 417792
262488211 24119670 320 417792
262488469 24119670 320 417792
262540942 24119670 320 421888
262541433 25168246 320 421888
262541683 25168246 320 421888
262594117 25168246 320 425984
262594519 25168246 320 430080
262594986 26216822 320 430080
262595245 26216822 320 430080
262647782 26216822 320 434176
262648284 27265398 320 434176
262648545 27265398 320 434176
262700981 27265398 320 438272
262701372 27265398 320 442368
262701824 28313974 320 442368
262702085 28313974 320 442368
262754607 28313974 320 446464
262755579 29362550 320 446464
262755835 29362550 320 446464
262808341 29362550 320 450560
262808756 29362550 320 454656
262809222 30411126 320 454656
262809477 30411126 320 454656
262861988 30411126 320 458752
262862487 31459702 320 458752
262862742 31459702 320 458752
262915151 31459702 320 462848
262915521 31459702 320 466944
262915989 32508278 320 466944
262916246 32508278 320 466944
262968743 32508278 320 471040
262969245 33556854 320 471040
262969498 33556854 320 471040
263021900 33556854 320 475136
263022302 33556854 320 479232
263022762 34605430 320 479232
263023028 34605430 320 479232
263075605 34605430 320 483328
263076115 35654006 320 483328
263076367 35654006 320 483328
263128795 35654006 320 487424
263129170 35654006 320 491520
263129641 36702582 320 491520
263130129 36702582 320 491520
263134699 36702582 320 495616
263190275 36702582 320 499712
263190856 37751158 320 499712
263191158 37751158 320 499712
263243650 37751158 320 503808
263244072 37751158 320 507904
263244569 38799734 320 507904
263244822 38799734 320 507904
263297267 38799734 320 512000
263297767 39848310 320 512000
263298008 39848310 320 512000
263350429 39848310 320 516096
263350859 39848310 320 520192
263351315 40896886 320 520192
263351593 40896886 320 520192
263404085 40896886 320 524288
263404588 41945462 320 524288
263404830 41945462 320 524288
263457263 41945462 320 528384
263457753 41945462 320 532480
263458216 42994038 320 532480
263458462 42994038 320 532480
263511096 42994038 320 536576
263512076 44042614 320 536576
263512346 44042614 320 536576
263564850 44042614 320 540672
263565276 44042614 320 544768
263565758 45091190 320 544768
263566008 45091190 320 544768
263618533 45091190 320 548864
263619042 46139766 320 548864
263619283 46139766 320 548864
263671733 46139766 320 552960
263672173 46139766 320 557056
263672640 47188342 320 557056
263672892 47188342 320 557056
263725369 47188342 320 561152
263725870 48236918 320 561152
263726111 48236918 320 561152
263778546 48236918 320 565248
263778946 48236918 320 569344
263779413 49285494 320 569344
263779695 49285494 320 569344
263832117 49285494 320 573440
263832532 49285494 320 577536
263833009 50334070 320 577536
263833254 50334070 320 577536
263885845 50334070 320 581632
263886356 51382646 320 581632
263886596 51382646 320 581632
263939079 51382646 320 585728
263939516 51382646 320 589824
263940100 52431222 320 589824
263940354 52431222 320 589824
263992838 52431222 320 593920
263993339 53479798 320 593920
263993580 53479798 320 593920
264046001 53479798 320 598016
264046435 53479798 320 602112
264046901 54528374 320 602112
264047144 54528374 320 602112
264099612 54528374 320 606208
264100103 55576950 320 606208
264100344 55576950 320 606208
264152785 55576950 320 610304
264153213 55576950 320 614400
264153681 56625526 320 614400
264153925 56625526 320 614400
264207124 56625526 320 618496
264207633 57674102 320 618496
264207905 57674102 320 618496
264271907 57674102 320 622592
264272395 57674102 320 626688
264273464 58722678 320 626688
264273783 58722678 320 626688
264326429 58722678 320 630784
264326950 59771254 320 630784
264327207 59771254 320 630784
264379736 59771254 320 634880
264380155 59771254 320 638976
264380612 60819830 320 638976
264380876 60819830 320 638976
264433466 60819830 320 643072
264433959 61868406 320 643072
264434205 61868406 320 643072
264486745 61868406 320 647168
264487266 61868406 320 651264
264487740 62916982 320 651264
264487988 62916982 320 651264
264540651 62916982 320 655360
264541149 63965558 320 655360
264541394 63965558 320 655360
264593910 63965558 320 659456
264594437 63965558 320 663552
264594906 65014134 320 663552
264595149 65014134 320 663552
264647841 65014134 320 667648
264648349 66062710 320 667648
264648627 66062710 320 667648
264701176 66062710 320 671744
264701743 66062710 320 675840
264702236 67111286 320 675840
264702479 67111286 320 675840
264755056 67111286 320 679936
264755560 68159862 320 679936
264755800 68159862 320 679936
264808386 68159862 320 684032
264809013 68159862 320 688128
264809535 69208438 320 688128
264809772 69208438 320 688128
264862317 69208438 320 692224
264862820 70257014 320 692224
264863062 70257014 320 692224
264915564 70257014 320 696320
264916006 70257014 320 700416
264916470 71305590 320 700416
264916703 71305590 320 700416
264971498 71305590 320 704512
264972082 72354166 320 704512
264972334 72354166 320 704512
265024831 72354166 320 708608
265025276 72354166 320 712704
265026212 73402742 320 712704
265026448 73402742 320 712704
265079063 73402742 320 716800
265079600 74451318 320 716800
265079872 74451318 320 716800
265132360 74451318 320 720896
265132884 74451318 320 724992
265133344 75499894 320 724992
265133581 75499894 320 724992
265186624 75499894 320 729088
265187129 76548470 320 729088
265187373 76548470 320 729088
265239853 76548470 320 733184
265240290 76548470 320 737280
265240759 77597046 320 737280
265241004 77597046 320 737280
265293540 77597046 320 741376
265294038 78645622 320 741376
265294284 78645622 320 741376
265348382 78645622 320 745472
265348893 78645622 320 749568
265349369 79694198 320 749568
265349618 79694198 320 749568
265402316 79694198 320 753664
265402810 80742774 320 753664
265403060 80742774 320 753664
265455838 80742774 320 757760
265456374 80742774 320 761856
265456898 81791350 320 761856
265457148 81791350 320 761856
265509812 81791350 320 765952
265510362 82839926 320 765952
265510722 82839926 320 765952
265563267 82839926 320 770048
265563751 82839926 320 774144
265564218 83888502 320 774144
265564466 83888502 320 774144
265617159 83888502 320 778240
265617648 84937078 320 778240
265617889 84937078 320 778240
265670525 84937078 320 782336
265670993 84937078 320 786432
265671451 85985654 320 786432
265671701 85985654 320 786432
265724371 85985654 320 790528
265724889 87034230 320 790528
265725131 87034230 320 790528
265777824 87034230 320 794624
265778262 87034230 320 798720
265779202 88082806 320 798720
265779447 88082806 320 798720
265832181 88082806 320 802816
265832702 89131382 320 802816
265832943 89131382 320 802816
265885687 89131382 320 806912
265886235 89131382 320 811008
265886705 90179958 320 811008
265886946 90179958 320 811008
265939547 90179958 320 815104
265940157 91228534 320 815104
265940431 91228534 320 815104
265993138 91228534 320 819200
265993651 91228534 320 823296
265994117 92277110 320 823296
265994422 92277110 320 823296
266046992 92277110 320 827392
266047490 93325686 320 827392
266047735 93325686 320 827392
266100472 93325686 320 831488
266100984 93325686 320 835584
266101445 94374262 320 835584
266101690 94374262 320 835584
266154272 94374262 320 839680
266154829 95422838 320 839680
266155073 95422838 320 839680
266208039 95422838 320 843776
266208594 95422838 320 847872
266209078 96471414 320 847872
266209322 96471414 320 847872
266262011 96471414 320 851968
266262508 97519990 320 851968
266262750 97519990 320 851968
266315349 97519990 320 856064
266316013 97519990 320 860160
266316476 98568566 320 860160
266316723 98568566 320 860160
266369445 98568566 320 864256
266369944 99617142 320 864256
266370221 99617142 320 864256
266422890 99617142 320 868352
266423417 99617142 320 872448
266423896 100665718 320 872448
266424140 100665718 320 872448
266476719 100665718 320 876544
266477225 101714294 320 876544
266477464 101714294 320 876544
266530237 101714294 320 880640
266530831 101714294 320 884736
266531830 102762870 320 884736
266532110 102762870 320 884736
266584885 102762870 320 888832
266585437 103811446 320 888832
266585726 103811446 320 888832
266638742 103811446 320 892928
266641480 103811446 320 897024
266641965 104860022 320 897024
266642222 104860022 320 897024
266694277 103811446 320 897024
266696723 103811446 320 892928
266697182 103811446 320 892928
266749019 102762870 320 892928
266750434 102762870 320 888832
266750855 102762870 320 888832
266802756 101714294 320 888832
266804029 101714294 320 884736
266804419 101714294 320 884736
266856229 100665718 320 884736
266857742 100665718 320 880640
266858003 100665718 320 876544
266858839 100665718 320 876544
266910752 99617142 320 876544
266912264 99617142 320 872448
266912610 99617142 320 872448
266964488 98568566 320 872448
266965703 98568566 320 868352
266965907 98568566 320 864256
266966431 98568566 320 864256
267018285 97519990 320 864256
267019405 97519990 320 860160
267019615 97519990 320 856064
267020137 97519990 320 856064
267072060 96471414 320 856064
267073342 96471414 320 851968
267073758 96471414 320 851968
267125595 95422838 320 851968
267127010 95422838 320 847872
267127347 95422838 320 847872
267179368 94374262 320 847872
267180620 94374262 320 843776
267180976 94374262 320 843776
267233002 93325686 320 843776
267234214 93325686 320 839680
267234420 93325686 320 835584
267234989 93325686 320 835584
267286905 92277110 320 835584
267288176 92277110 320 831488
267288505 92277110 320 831488
267340352 91228534 320 831488
267341533 91228534 320 827392
267341748 91228534 320 823296
267342286 91228534 320 823296
267394182 90179958 320 823296
267395268 90179958 320 819200
267395606 90179958 320 819200
267447449 89131382 320 819200
267448673 89131382 320 815104
267448871 89131382 320 811008
267449454 89131382 320 811008
267501343 88082806 320 811008
267502628 88082806 320 806912
267502972 88082806 320 806912
267554843 87034230 320 806912
267556103 87034230 320 802816
267556314 87034230 320 798720
267556850 87034230 320 798720
267608800 85985654 320 798720
267610010 85985654 320 794624
267610393 85985654 320 794624
267662207 84937078 320 794624
267663482 84937078 320 790528
267663781 84937078 320 786432
267664312 84937078 320 786432
267716199 83888502 320 786432
267717375 83888502 320 782336
267717713 83888502 320 782336
267769586 82839926 320 782336
267770744 82839926 320 778240
267770966 82839926 320 774144
267771502 82839926 320 774144
267823383 81791350 320 774144
267824693 81791350 320 770048
267825038 81791350 320 770048
267877109 80742774 320 770048
267882561 80742774 320 765952
267882790 80742774 320 761856
267883418 80742774 320 761856
267935595 79694198 320 761856
267936856 79694198 320 757760
267937261 79694198 320 757760
267989656 78645622 320 757760
267991073 78645622 320 753664
267991305 78645622 320 749568
267991897 78645622 320 749568
268043922 77597046 320 749568
268045350 77597046 320 745472
268045726 77597046 320 745472
268097528 76548470 320 745472
268098738 76548470 320 741376
268098953 76548470 320 737280
268099471 76548470 320 737280
268151445 75499894 320 737280
268152900 75499894 320 733184
268153235 75499894 320 733184
268205235 74451318 320 733184
268206545 74451318 320 729088
268206769 74451318 320 724992
268207421 74451318 320 724992
268259507 73402742 320 724992
268260796 73402742 320 720896
268261215 73402742 320 720896
268313046 72354166 320 720896
268314205 72354166 320 716800
268314419 72354166 320 712704
268314928 72354166 320 712704
268366841 71305590 320 712704
268367944 71305590 320 708608
268368360 71305590 320 708608
268420207 70257014 320 708608
268421359 70257014 320 704512
268421570 70257014 320 700416
268422082 70257014 320 700416
268473945 69208438 320 700416
268475065 69208438 320 696320
268475432 69208438 320 696320
268527255 68159862 320 696320
268528640 68159862 320 692224
268528848 68159862 320 688128
268529384 68159862 320 688128
268581276 67111286 320 688128
268582478 67111286 320 684032
268582832 67111286 320 684032
268634639 66062710 320 684032
268635846 66062710 320 679936
268636069 66062710 320 675840
268636593 66062710 320 675840
268688431 65014134 320 675840
268689519 65014134 320 671744
268689855 65014134 320 671744
268741701 63965558 320 671744
268743040 63965558 320 667648
268743255 63965558 320 663552
268743796 63965558 320 663552
268795715 62916982 320 663552
268796837 62916982 320 659456
268797230 62916982 320 659456
268849149 61868406 320 659456
268850567 61868406 320 655360
268850782 61868406 320 651264
268851308 61868406 320 651264
268903196 60819830 320 651264
268904323 60819830 320 647168
268904685 60819830 320 647168
268956500 59771254 320 647168
268957683 59771254 320 643072
268957898 59771254 320 638976
268958433 59771254 320 638976
269010304 58722678 320 638976
269011370 58722678 320 634880
269011789 58722678 320 634880
269063628 57674102 320 634880
269064875 57674102 320 630784
269065089 57674102 320 626688
269065602 57674102 320 626688
269117495 56625526 320 626688
269118600 56625526 320 622592
269118940 56625526 320 622592
269170774 55576950 320 622592
269171888 55576950 320 618496
269172094 55576950 320 614400
269172614 55576950 320 614400
269224864 54528374 320 614400
269226426 54528374 320 610304
269226633 54528374 320 606208
269227012 54528374 320 606208
269278835 53479798 320 606208
269279982 53479798 320 602112
269280315 53479798 320 602112
269332150 52431222 320 602112
269333536 52431222 320 598016
269333755 52431222 320 593920
269334092 52431222 320 593920
269385909 51382646 320 593920
269387040 51382646 320 589824
269387372 51382646 320 589824
269439264 50334070 320 589824
269440847 50334070 320 585728
269441051 50334070 320 581632
269441362 50334070 320 581632
269493192 49285494 320 581632
269494421 49285494 320 577536
269494763 49285494 320 577536
269546543 48236918 320 577536
269548154 48236918 320 573440
269548352 48236918 320 569344
269548727 48236918 320 569344
269600541 47188342 320 569344
269601751 47188342 320 565248
269602100 47188342 320 565248
269653917 46139766 320 565248
269655574 46139766 320 561152
269655764 46139766 320 557056
269656078 46139766 320 557056
269707922 45091190 320 557056
269709010 45091190 320 552960
269709418 45091190 320 552960
269761204 44042614 320 552960
269763017 44042614 320 548864
269763218 44042614 320 544768
269763574 44042614 320 544768
269815416 42994038 320 544768
269816518 42994038 320 540672
269816853 42994038 320 540672
269868734 41945462 320 540672
269870722 41945462 320 536576
269870916 41945462 320 532480
269871306 41945462 320 532480
269923110 40896886 320 532480
269924162 40896886 320 528384
269924506 40896886 320 528384
269976310 39848310 320 528384
269978375 39848310 320 524288
269978570 39848310 320 520192
269978919 39848310 320 520192
270030745 38799734 320 520192
270032033 38799734 320 516096
270032364 38799734 320 516096
270084167 37751158 320 516096
270086408 37751158 320 512000
270086620 37751158 320 507904
270086956 37751158 320 507904
270138797 36702582 320 507904
270139873 36702582 320 503808
270140217 36702582 320 503808
270195138 35654006 320 503808
270204762 35654006 320 499712
270205272 35654006 320 495616
270206423 35654006 320 495616
270259166 34605430 320 495616
270260707 34605430 320 491520
270261227 34605430 320 491520
270313199 33556854 320 491520
270315672 33556854 320 487424
270315909 33556854 320 483328
270316303 33556854 320 483328
270368274 32508278 320 483328
270369460 32508278 320 479232
270369836 32508278 320 479232
270421708 31459702 320 479232
270424381 31459702 320 475136
270424598 31459702 320 471040
270424949 31459702 320 471040
270476856 30411126 320 471040
270478004 30411126 320 466944
270478372 30411126 320 466944
270530269 29362550 320 466944
270533055 29362550 320 462848
270533272 29362550 320 458752
270533660 29362550 320 458752
270585589 28313974 320 458752
270586748 28313974 320 454656
270587177 28313974 320 454656
270639026 27265398 320 454656
270641851 27265398 320 450560
270642063 27265398 320 446464
270642423 27265398 320 446464
270694270 26216822 320 446464
270695496 26216822 320 442368
270695865 26216822 320 442368
270747877 25168246 320 442368
270750791 25168246 320 438272
270751000 25168246 320 434176
270751373 25168246 320 434176
270803226 24119670 320 434176
270804358 24119670 320 430080
270804706 24119670 320 430080
270856540 23071094 320 430080
270859620 23071094 320 425984
270859829 23071094 320 421888
270860165 23071094 320 421888
270912004 22022518 320 421888
270913417 22022518 320 417792
270913808 22022518 320 417792
270965702 20973942 320 417792
270966970 20973942 320 413696
270967182 20973942 320 409600
270967772 20973942 320 409600
271019736 19925366 320 409600
271020838 19925366 320 405504
271021202 19925366 320 405504
271073055 18876790 320 405504
271074254 18876790 320 401408
271074465 18876790 320 397312
271075014 18876790 320 397312
271126984 17828214 320 397312
271128091 17828214 320 393216
271128468 17828214 320 393216
271181030 16779638 320 393216
271182409 16779638 320 389120
271182623 16779638 320 385024
271183149 16779638 320 385024
271235148 15731062 320 385024
271236326 15731062 320 380928
271239448 15731062 320 380928
271291309 14682486 320 380928
271292677 14682486 320 376832
271292890 14682486 320 372736
271293440 14682486 320 372736
271345371 13633910 320 372736
271346507 13633910 320 368640
271346857 13633910 320 368640
271398726 12585334 320 368640
271400091 12585334 320 364544
271400310 12585334 320 360448
271400838 12585334 320 360448
271452756 11536758 320 360448
271453944 11536758 320 356352
271454293 11536758 320 356352
271506151 10488182 320 356352
271507474 10488182 320 352256
271507692 10488182 320 348160
271508244 10488182 320 348160
271560139 9439606 320 348160
271561339 9439606 320 344064
271561698 9439606 320 344064
271613541 8391030 320 344064
271614791 8391030 320 339968
271615022 8391030 320 335872
271615563 8391030 320 335872
271667536 7342454 320 335872
271668671 7342454 320 331776
271669027 7342454 320 331776
271720878 6293878 320 331776
271722169 6293878 320 327680
271722388 6293878 320 323584
271722905 6293878 320 323584
271774839 5245302 320 323584
271775892 5245302 320 319488
271776250 5245302 320 319488
271828195 4196726 320 319488
271829460 4196726 320 315392
271829668 4196726 320 311296
271830221 4196726 320 311296
271882162 3148150 320 311296
271883221 3148150 320 307200
271883563 3148150 320 307200
271935451 2099574 320 307200
271936775 2099574 320 303104
271936988 2099574 320 299008
271937537 2099574 320 299008
271989456 1050998 320 299008
271990570 1050998 320 294912
271990953 1050998 320 294912
272042881 2422 320 294912
272044633 2422 320 290816
272044855 2422 320 286720
272045041 2422 320 282624
272045624 2422 320 282624
272097642 2422 384 282624
272097890 1622 384 282624
272107588 1582 384 282624
272107882 1534 384 282624
272111507 1534 384 282624
272111827 1534 384 282624
272112243 1534 384 282624
272112729 1534 384 282624
272113064 1534 384 282624
272113389 1534 384 282624
272113605 1534 384 282624
272167441 1534 384 286720
272168478 1534 384 290816
272171273 1534 384 294912
272173080 1534 384 299008
272181493 1534 384 303104
272190674 1534 384 307200
272193686 1534 384 303104
272233690 1534 384 307200
272249511 1534 384 303104
272249717 1534 384 299008
272249929 1534 384 294912
272251686 1534 384 299008
272261721 1534 384 294912
272261953 1534 384 290816
272306537 1534 384 286720
272313122 1534 384 290816
272324339 1534 384 286720
272324584 1534 384 282624
272326638 1534 384 278528
272326857 1534 384 274432
272383000 1534 384 278528
272414042 1534 384 282624
272443428 1534 384 278528
272443793 1534 384 274432
272444055 1534 384 270336
272444249 1534 384 266240
272450227 1534 384 262144
272450424 1534 384 258048
272450623 1534 384 253952
272450800 1534 384 249856
272451010 1534 384 245760
272451288 1534 384 241664
272451474 1534 384 237568
272451662 1534 384 233472
272451855 1534 384 229376
272452028 1534 384 225280
272452199 1534 384 221184
272452398 1534 384 217088
272452589 1534 384 212992
272452760 1534 384 208896
272452932 1534 384 204800
272453120 1534 384 200704
272453308 1534 384 196608
272453480 1534 384 192512
272453720 1534 384 188416
272453893 1534 384 184320
272454087 1534 384 180224
272454256 1534 384 176128
272454436 1534 384 172032
272454608 1534 384 167936
272454781 1534 384 163840
272454952 1534 384 159744
272455135 1534 384 155648
272455307 1534 384 151552
272455478 1534 384 147456
272455663 1534 384 143360
272455831 1534 384 139264
272456001 1534 384 135168
272456194 1534 384 131072
272456365 1534 384 126976
272459112 1534 384 122880
272459288 1534 384 118784
272459461 1534 384 114688
272459633 1534 384 110592
272459801 1534 384 106496
272459970 1534 384 102400
272460153 1534 384 98304
272460325 1534 384 94208
272460497 1534 384 90112
272460679 1534 384 86016
272463944 1534 384 81920
272464155 1534 384 77824
272464326 1534 384 73728
272464498 1534 384 69632
272464670 1534 384 65536
272464839 1534 384 61440
272465007 1534 384 57344
272465185 1534 384 53248
272465364 1534 384 49152
272465532 1534 384 45056
272465700 1534 384 40960
272465882 1534 384 36864
272466054 1534 384 32768
272466223 1534 384 28672
272466393 1534 384 24576
272466570 1534 384 20480
272466740 1534 384 16384
272466910 1534 384 12288
272467076 1534 384 8192
272467245 1534 384 4096
